time,t(s),T_{env},P_{env},T1_{ext},T2_{ext},T3_{ext},T4_{ext},T1,T2,T3,T4,P1,P2,P3,P4,H1,H2,H3,H4,Turb1_{180},Turb2_{180},Turb3_{180},Turb4_{180},Turb1_{135},Turb2_{135},Turb3_{135},Turb4_{135},Turb1_{ref},Turb2_{ref},Turb3_{ref},Turb4_{ref}
1740047382.371658,0.0,21.870703125,1012.4102172709894,21.687,30.687,26.687,26.875,21.648828125,21.55078125,21.39921875,21.830859375,1011.8171660849658,1012.0243922729768,1011.3324760248793,1011.2946404643423,45.19342391074521,41.51424030084139,44.118035029065425,41.42475093364296,0.43075,1.853625,1.8006250000000001,0.603875,3.7406820782787826,3.5109910734721907,3.1172350652323186,4.167251087205311,0.06562600137331197,0.04921950102998398,0.06562600137331197,0.4593820096131838
1740047414.3997793,32.028,21.8251953125,1012.4292408948847,21.687,30.75,26.625,26.875,21.6693359375,21.586328125,21.4248046875,21.881640625,1011.8373914907471,1011.9909031874581,1011.3923530832498,1011.3166445913297,44.99298135236785,41.39647154992346,43.75867219671113,41.45826626055191,0.3025,1.961,1.691,0.6885,3.8227145799954223,3.5930235751888304,3.1828610666056307,4.183657587548638,0.04921950102998398,0.04921950102998398,0.06562600137331197,0.4921950102998398
1740047445.2551775,62.884,21.7947265625,1012.5002356454072,21.75,30.875,26.625,26.875,21.7154296875,21.6015625,21.4349609375,21.9171875,1011.8774379846045,1012.034004226805,1011.4273809838255,1011.3783555807161,44.82578746095395,41.46398104312587,43.66486797281415,41.059306006823064,0.42575,1.863875,1.796875,0.6118750000000001,3.6750560769054705,3.3141130693522545,3.1664545662623027,4.052405584802014,0.04921950102998398,0.04921950102998398,0.06562600137331197,0.4265690089265278
1740047476.0843983,93.713,21.76953125,1012.4911108686941,21.75,30.875,26.625,26.875,21.72578125,21.6220703125,21.470703125,21.9427734375,1011.921069870568,1012.0564838810204,1011.4736340251266,1011.4646280676476,44.474321625818355,41.239424344507306,43.68164965846517,41.164835711658576,0.4285,1.854,1.80525,0.613125,3.7570885786221107,3.5602105745021744,3.1992675669489588,4.118031586175326,0.04921950102998398,0.04921950102998398,0.06562600137331197,0.4757885099565118
1740047506.8934789,124.522,21.754296875,1012.4714701966054,21.75,30.75,26.75,26.875,21.7359375,21.6525390625,21.4859375,21.9681640625,1011.906370646898,1012.0361570859167,1011.4657315110514,1011.3807016494121,44.4632199169436,41.05975096115638,43.65979805385194,41.25365158000223,0.37325,1.91475,1.778875,0.6255000000000001,3.9375600823987185,3.346926070038911,2.953170061799039,4.183657587548638,0.04921950102998398,0.04921950102998398,0.06562600137331197,0.5086015106431678
1740047537.7430983,155.371,21.754296875,1012.4529664361535,21.75,30.75,26.687,26.875,21.7615234375,21.6728515625,21.5013671875,21.9935546875,1011.925550109378,1012.0320234096085,1011.4425482575465,1011.3997290913104,44.46911893746101,41.14971533747039,43.56037799477944,40.89881115795823,0.319125,1.93875,1.7377500000000001,0.65125,3.8555275806820783,3.3141130693522545,2.985983062485695,4.134438086518655,0.04921950102998398,0.04921950102998398,0.06562600137331197,0.4921950102998398
1740047568.6056411,186.234,21.744140625,1012.4848765005535,21.75,30.687,26.625,26.875,21.7716796875,21.6830078125,21.5064453125,22.0087890625,1011.9386520600699,1012.0567417475264,1011.497474723403,1011.394503015224,44.1677606691399,41.21158965306559,43.726518463661534,41.19293318109943,0.378875,1.90425,1.78025,0.623375,3.8883405813687344,3.4125520714122226,3.1992675669489588,4.183657587548638,0.04921950102998398,0.04921950102998398,0.06562600137331197,0.5086015106431678
1740047599.452569,217.081,21.774609375,1012.4794037546905,21.75,30.75,26.625,26.875,21.7921875,21.703515625,21.53203125,22.0240234375,1011.9027641876612,1012.0792181485131,1011.4995429601088,1011.3926559825111,44.491833282545855,40.896982042486755,43.394507720177764,41.03765719465918,0.429,1.86,1.802375,0.613125,3.6422430762188145,3.3797390707255666,3.084422064545663,4.150844586861982,0.04921950102998398,0.04921950102998398,0.06562600137331197,0.5086015106431678
1740047630.264402,247.893,21.8048828125,1012.5079795080247,21.75,30.75,26.687,26.937,21.8126953125,21.723828125,21.557421875,22.0494140625,1011.9226520693455,1012.0320027066389,1011.4747044846034,1011.4055436615288,44.469874341060844,41.08252874196569,43.571963023303,40.9490359889812,0.30175,1.9561250000000001,1.7095,0.6735,3.8883405813687344,3.5766170748455024,3.1500480659189747,4.052405584802014,0.04921950102998398,0.04921950102998398,0.06562600137331197,0.4757885099565118
1740047661.0818412,278.71,21.8201171875,1012.5397026639214,21.75,30.812,26.812,27.25,21.83828125,21.733984375,21.5677734375,22.059765625,1011.9874736891666,1012.0967544693755,1011.5440780592867,1011.4822042291122,44.17976501555189,41.38601861555857,43.660664965518066,40.599632156280755,0.34675,1.921875,1.748,0.645625,3.9047470817120624,3.5109910734721907,2.953170061799039,4.183657587548638,0.04921950102998398,0.04921950102998398,0.06562600137331197,0.4265690089265278
1740047691.932257,309.561,21.7947265625,1012.4760685681198,21.75,30.812,26.812,27.187,21.833203125,21.754296875,21.5728515625,22.069921875,1011.9220122093144,1012.0525772709525,1011.4779499429033,1011.4211828825995,44.49817830414043,40.80725357675252,43.32844396297958,40.92140039250584,0.28225,1.968625,1.688125,0.69575,3.8555275806820783,3.4125520714122226,3.018796063172351,4.052405584802014,0.04921950102998398,0.04921950102998398,0.06562600137331197,0.39375600823987184
1740047722.7789407,340.407,21.7947265625,1012.5491403607748,21.75,30.812,26.812,27.187,21.843359375,21.759375,21.5830078125,22.08515625,1011.9824465272924,1012.104158155698,1011.5274943348802,1011.4994837872284,44.20198743660415,40.745500331676034,43.50596838992241,40.710658079599355,0.414875,1.877,1.774875,0.6245,3.9211535820553904,3.3305195696955825,3.1664545662623027,4.08521858548867,0.04921950102998398,0.04921950102998398,0.06562600137331197,0.36094300755321584
1740047753.6418288,371.27,21.7947265625,1012.4548620328968,21.812,30.75,26.812,27.187,21.833203125,21.7849609375,21.5931640625,22.0953125,1011.951900054127,1012.004771460372,1011.4544236059967,1011.3814487653264,44.30257921884236,41.00412209743864,43.31215454473518,40.560900618226775,0.294375,1.9608750000000001,1.69475,0.6813750000000001,3.7078690775921266,3.5766170748455024,2.920357061112383,4.167251087205311,0.04921950102998398,0.04921950102998398,0.06562600137331197,0.4265690089265278
1740047784.4950612,402.123,21.8048828125,1012.4809781404797,21.75,30.75,26.812,27.187,21.8486328125,21.8001953125,21.5984375,22.10546875,1011.9200036609249,1012.0560869849874,1011.4763085825516,1011.4220770568738,44.06799902087882,41.06034830732061,43.074126587816856,40.599824269211624,0.42312500000000003,1.861,1.807625,0.606625,3.6750560769054705,3.5930235751888304,2.903950560769055,4.08521858548867,0.04921950102998398,0.04921950102998398,0.06562600137331197,0.41016250858319986
1740047815.3638778,432.992,21.8201171875,1012.521197679613,21.812,30.75,26.812,27.187,21.843359375,21.8052734375,21.613671875,22.120703125,1011.9861942410201,1012.0953533605892,1011.5072004064075,1011.4744913920374,44.32504324105473,40.863645890067836,43.234730876417714,40.549907585045,0.43225,1.85925,1.807125,0.609125,3.8883405813687344,3.3305195696955825,3.1500480659189747,4.101625085831998,0.04921950102998398,0.04921950102998398,0.06562600137331197,0.4593820096131838
1740047846.1859722,463.814,21.8302734375,1012.5497107068956,21.812,30.75,26.812,27.187,21.8486328125,21.8154296875,21.613671875,22.1359375,1011.9895518413538,1012.120587418083,1011.5323891918814,1011.4302667922777,44.16871459627661,41.1503407014152,43.41758737077665,40.544400168055546,0.299875,1.960625,1.705,0.6825,3.9047470817120624,3.281300068665599,3.018796063172351,4.167251087205311,0.04921950102998398,0.04921950102998398,0.06562600137331197,0.4593820096131838
1740047877.0164905,494.645,21.8201171875,1012.5606600562381,21.812,30.687,26.875,27.187,21.8537109375,21.8357421875,21.61875,22.120703125,1011.9680476232222,1012.1172936954575,1011.4989426084499,1011.5101017497956,44.280361796302365,40.880584529335955,43.52297284897238,40.48893130563726,0.306625,1.946,1.7088750000000001,0.67475,3.9047470817120624,3.4781780727855347,2.985983062485695,4.052405584802014,0.06562600137331197,0.04921950102998398,0.06562600137331197,0.4593820096131838
1740047907.857535,525.486,21.7998046875,1012.4991054912047,21.812,30.687,26.937,27.187,21.843359375,21.8357421875,21.61875,22.12578125,1011.9778002416015,1012.0931214614772,1011.5323891918814,1011.4628129404275,44.07928804267336,40.73446841911296,43.23488823433878,40.84402442521282,0.409875,1.874875,1.777375,0.63975,3.9047470817120624,3.4289585717555506,3.1828610666056307,4.08521858548867,0.04921950102998398,0.04921950102998398,0.06562600137331197,0.5086015106431678
1740047938.6933186,556.322,21.8201171875,1012.5215744816579,21.812,30.625,27.062,27.187,21.8537109375,21.84609375,21.62890625,22.130859375,1011.9945882424611,1012.0865339145852,1011.536522849811,1011.4741722881465,44.38654073503663,40.689496656367574,43.201713296347016,40.67756975112359,0.30325,1.971125,1.679875,0.704375,3.724275577935454,3.363332570382239,2.953170061799039,4.183657587548638,0.04921950102998398,0.04921950102998398,0.06562600137331197,0.39375600823987184
1740047969.5255072,587.154,21.8048828125,1012.564058803634,21.812,30.625,27.062,27.187,21.8537109375,21.851171875,21.6392578125,22.141015625,1011.9831566990179,1012.1296184646335,1011.5418927954429,1011.5117397527657,44.40881937040482,40.65017859216456,43.312529968272685,40.87176608180145,0.300875,1.96475,1.685375,0.700125,3.9375600823987185,3.264893568322271,3.1828610666056307,4.183657587548638,0.04921950102998398,0.04921950102998398,0.06562600137331197,0.4265690089265278
